344
3423
268435455
21412
0
2341
1222
33
343453
34534
52345234
3333
3333
33333
3333
333333
453245
435345
23452345
76567
57567
0
0
0
2342345
45245435
45245
4524
345234
3333
3333
33333
3333
333333
453245
435345
23452345
76567
57567
0
0
0
2342345
45245435
45245
4524
345234
3333
3333
33333
3333
333333
453245
435345
23452345
76567
57567
0
0
0
2342345
45245435
45245
4524
786879
896896
344
3423
268435455
21412
0
2341
1222
33
343453
34534
52345234
3333
3333
33333
3333
333333
453245
435345
23452345
76567
57567
0
0
0
2342345
45245435
45245
4524
345234
3333
3333
33333
3333
333333
453245
435345
23452345
76567
57567
0
0
0
2342345
45245435
45245
4524
345234
3333
3333
33333
3333
333333
453245
435345
23452345
76567
57567
0
0
0
2342345
45245435
45245
4524
786879
896896
344
3423
268435455
21412
0
2341
1222
33
343453
34534
52345234
3333
3333
33333
3333
333333
453245
435345
23452345
76567
57567
0
0
0
2342345
45245435
45245
4524
345234
3333
3333
33333
3333
333333
453245
435345
23452345
76567
57567
0
0
0
2342345
45245435
45245
4524
345234
3333
3333
33333
3333
333333
453245
435345
23452345
76567
57567
0
0
0
2342345
45245435
45245
4524
786879
896896
1123123
131231
1232113
132123
13123123
1231241
132123414
123123123
123123
4534435
5643
345
6546
3554
45645
345
34654
54635
35645
546354
53654
56365
56465
76
655
658
6578
9898
7878
797
7877
7897
799867
57678
76876
76867
5654


