153801302
262746676
36073089
2607845
89660468
198853023
50706294
122113854
199505623
207430672
50059620
49788086
258838419
267170810
136563128
197776397
7417356
245721647
163427047
50203425
261705640
239253219
194015215
232120092
120984316
46753291
34998847
170080948
42794641
161500348
217851899
122324110
206945104
94785267
26852436
219954534
108389562
28834778
27062712
166858280
261073523
135470305
219590741
133602591
158933874
104279910
214857663
54888718
14942388
117687649
96581699
183889225
38224953
191646736
115633375
86360725
132821316
188111303
148505240
109368454
185847784
65683117
176142332
163584906
176063630
209255432
93971943
261302473
25640960
187237607
69881741
215094305
253357749
45780042
53116646
32187912
228790859
91110514
167602199
131983670
158906275
49083364
8647426
267462391
28129170
71661047
75779428
13001308
121363647
49025349
210256168
95745206
92993535
80547714
210399289
250795990
235016552
159597790
170126776
193069218
145883595
250145892
229831673
109829219
16056135
39790872
106257591
251866977
22780815
226771308
422175
1762600
177224010
134339360
172774411
149430920
6187136
21709449
11242360
39324151
88235433
189360531
89784528
166417778
148076596
17775564
129304103
56446363
144091172
260219713
13531074
255953371
3944864
262803304
238670857
165446874
133030654
22527829
74579434
97074961
112528127
140413153
22802866
152456121
81748745
113302632
778154
49168207
130167230
125698073
227511980
65001822
19032779
176058217
108047065
233565919
222471332
111386807
53840834
234670047
71110513
59924776
54329594
198806894
90750454
223743597
71617116
182327616
229549679
174989815
123126608
53383033
129066784
51466335
246151372
96026806
106649453
101316271
101808422
12978700
148738720
108079696
142016636
64520265
94454455
47266406
234634
165417359
239106612
48155520
76955664
205235331
14195197
105621391
186136574
103994863
121496016
108338299
80774587
111480623
265816799
103996214
51865829
3871162
246079709
177504644
253273979
80549212
234159101
28377400
188906229
226214314
250351886
75369253
90376969
251213033
240245319
182994794
3140639
218978198
156543864
210123934
73249073
217843623
70275028
95265730
267078476
208784002
246202359
7778179
27913111
239369831
169664891
180042187
5275114
56003852
21476874
41233673
51543110
258798614
75976076
257604636
184131227
66712063
53789159
41400253
82016625
126172248
51023385
138589378
62271434
85510450
3078230
74075638
224738792
181524737
79843236
96594070
157546129
169212353
55255866
107176991
79629308
165191375
266831449
34412119
101145853
182153656
191096144
99839623
255061368
23528294
207541824
109744074
194581297
72436319
265719384
115192592
257370957
122783068
210660658
126259463
236809697
201262042
36520265
24114938
59837616
180830637
193607375
32404420
16734424
211105174
116395122
144669961
842103
235145583
104783422
162202456
253757423
175562233
131303030
176160451
23731903
194900689
64842079
159947040
114995403
97731841
213551779
150767343
96583857
239734553
68728803
180560222
4621478
229498261
57357833
159222857
17685823
51938647
87633496
246264797
3764409
12711266
155491060
10060207
186844272
72281065
213573042
92459498
89746444
101523269
182645043
162344447
17568046
64458543
114388382
87639360
182275593
67545666
245891749
169508486
187073585
258060709
29154723
39749906
257441956
115150578
22862171
7963933
187186766
126212252
132148125
207936228
112604639
211667701
190798265
218074716
73219415
48444654
53737153
55294934
219346412
70029647
264283621
166023722
201055130
223613386
223503568
174048549
241653916
236190284
124425856
13624960
250679621
163016128
183296643
193707715
151573007
172892754
100949449
56699879
157625832
136010592
204099646
29557428
261013864
32254217
18936918
15492348
257402529
45037852
136886599
35310492
37081866
54898888
76864684
220750018
65362793
91593312
210565350
227704870
59049509
180359936
120287220
262318867
187958443
112983917
135692799
53609881
187286698
16064226
36675770
194703867
108473002
106854987
138263841
106555785
94153345
162633345
252555728
58478460
101776873
47372009
251779376
25157320
172926171
104740118
88228306
25467878
54136495
118793315
54984128
124367196
184913464
69731084
262241993
104764787
111233014
267674820
87538431
259533250
233063656
21083914
62505500
131260057
264114433
4055436
47474507
174422835
207456186
9453407
198661536
219443019
94726890
74031115
15729095
48252411
27443404
240888345
144595474
52051316
125496867
15075500
61652644
113789094
149368103
164318516
114279759
4592692
15270227
224392471
134837840
82982006
86379112
215559524
108752221
95620209
62935757
135992786
252105894
189433953
186886365
92522811
76238176
208031466
113793801
214174517
67202471
47777040
147401184
52901934
41865588
38812935
11055338
17493461
6673731
173183928
218813718
111087680
44954754
133912895
71670028
68752448
58473857
109045706
210508467
230266828
259460343
257439063
152222511
28388750
240423960
144148154
86558866
171750015
105993831
182302761
32951562
160281798
102811275
168150901
260097460
261672661
181539948
81243816
111990419
166089208
149827806
59172288
262944766
57256346
11888483
77947628
208143631
160012321
7021846
168936534
39645417
167685050
257976378
46539905
153364124
209753918
115898795
106669815
254710043
174665338
196602941
144086797
211459286
219619579
208440992
100150995
186100866
56938855
116468874
59585971
11455244
177702087
181463547
65169235
196284240
254014188
24612860
253932789
43916465
43341347
19612558
227342791
215929882
56204397
203172469
98920796
189489305
16615081
37933148
9268713
161453632
113335340
33028201
79690090
67495334
131490345
158449900
15891543
128563514
91000048
4862352
181882120
230797339
130053671
52117350
73754423
218205906
176881045
155495590
28081612
83476179
54502056
71531887
229995661
163157559
63996980
116229895
60878353
53237785
237164732
64497425
150981310
215733800
181862388
150095303
175322692
143856275
18085943
262967058
98176686
253459513
168289614
212512569
221236589
223110289
94836238
266402407
249677299
215082725
50997286
110193048
202164348
42730502
237100622
252588886
38196698
12311637
91516728
239419345
257894938
266714978
198544051
190193633
156707965
187846995
257991231
111515079
125533995
80902904
67148665
132290301
255695055
89300705
234410810
143582018
33525584
178910623
75936783
181994652
141164453
44815940
228411098
259844288
251323599
184792990
180519660
213506305
67493597
81467321
22204252
266828529
11677630
49085419
247617108
46219731
54432891
178145540
35758041
212680606
16391385
71323305
112742801
50427879
164659600
95342728
38119558
130406103
90837716
51960866
71919126
110711763
39599499
98351426
64873164
145665543
41711744
257446457
51858393
3987029
152109111
64899601
121920283
234937605
228092161
84014162
115907822
13194779
216864710
84208099
83960703
16844998
258690898
32524552
178997165
30651998
124483357
57176387
95744893
74714717
185567139
75410533
88241221
117623699
94368793
49506119
102961610
75457309
94526681
219958360
22899892
182244594
152704243
185788473
217959782
128861328
259482222
11131043
117827484
263100308
788095
157145488
117196238
235055315
48124131
212937764
201395036
82367045
134878773
26273141
216632438
60907492
256846050
268428989
90685753
137465975
7045281
178856494
220169762
171667130
42668367
59545595
55371550
144407918
64581302
77281122
205815490
266106507
169851270
57072847
170379233
77704192
252189847
155512891
172459586
142087828
77653021
142853929
195121399
3337913
213777163
254585346
111430087
254665190
154419238
174454956
226531868
219720679
97430464
193786049
244278560
230057881
76677483
146519154
220464028
35468511
32420805
172460830
245324114
207316501
56866136
197543177
87925208
242467896
41279347
45831778
242733199
153874709
67401522
79837731
144476226
177865615
10208986
219903086
151076701
85709607
67106781
241362270
252955424
160883882
179467418
132461543
47195037
47586115
162818594
21530398
178453445
4843947
225832605
246061419
260360759
193443366
192934421
19280362
112616152
185385028
2509432
29960501
140222017
258047200
198628263
180378515
5805422
21311040
196615952
225476014
63471895
208037861
180056866
82582278
102430139
168037900
245963562
149388311
24522487
178389733
218422127
176322005
52661513
210406363
66907296
184386669
176194620
256169905
63884226
40644479
259419993
217886216
52003064
13684512
38945350
17378164
9955200
118036085
93508263
179196343
110973025
124095559
118721073
155159926
252295933
20358369
190610095
53484482
83867416
152134405
19787123
69413694
195864073
255332216
192350998
267574791
164976666
43819275
15043188
204992436
59388451
212888486
241425936
5917889
118434332
113869963
116936385
32174206
31707325
47698219
205528636
47785460
83645745
220872492
57915348
233724754
260832168
24202895
110878084
147845939
80461550
148560490
154248591
142814251
174690643
125270019
223507505
244535775
244428426
28444880
161319657
202262352
29690281
86471750
1729883
93621434
105793145
197179550
55943468
87739593
129088436
39061103
98148046
83705947
255245813
150217409
7795850
169843663
133310147
13957537
74800541
128981875
42676743
35375995
45491751
125630765
40277997
183014235
200935219
93862291
221888437
165965687
33223206
261351379
121888788
158011506
257122217
158755550
29029430
81637578
109345683
207518628
217157781
237411266
54080551
240363155
218749104
144044298
77823385
155436160
175531355
182622363
1014563
144805420
218154407
69980499
166719079
20621835
189895040
204154463
264869320
81589193
91168454
192090405
62572272
131247836
229935178
78397602
6541089
161824379
104730062
78105464
26017139
105217780
229629565
1251254
16604607
66503818
233127748
264167697
100963146
28940041
188741151
102063707
146043649
48778816
188405759
167097900
54986532
162904778
20420801
122560752
190236123
84364934
189367072
55566223
95582847
180482587
126561967
238971181
57125289
115755663
92916722
93321225
213375135
18207240
14252367
257454705
136194873
36204825
145951448
65253613
209736862
165730118
152791028
131767065
195408783
150170581
166088848
254386792
239054686
53473325
5524793
98458734
7570757
156655114
235498226
244466698
248363032
212927016
223900143
12843773
69253028
142788848
35865292
268095109
235606235
257038785
54665405
55826382
227060285
255197790
144286240
34015771
182237952
133963237
183342330
99008032
231694070
266448487
121731134
210467896
170473262
235344286
130808326
249956035
232629583
178067434
26122955
161741032
148819473
162469790
78919753
25536060
214332717
229955149
245039957
236198137
72919829
190749292
92425972
265914140
169487758
182828804
165647327
143725461
123021670
44122878
241917256
7272401
151034517
138402029
225544356
221635790
74188349
149661427
103552071
85247099
140858036
80105815
33942175
8838108
229898285
4918652
22930440
197810680
11222946
182921265
45918606
11963939
67253580
50973247
250272800
45547788
202392869
124312298
3102293
122435055
148300334
153124932
214655843
245448724
161046086
69701151
56107874
211673915
126816992
70383873
89901032
33960657
103959688
238184623
145666910
230528531
234368444
27865423
21411135
24936596
17956092
206864564
207485837
31514974
82865312
25216755
223199333
186085011
232787366
220838970
36558536
259262022
8022424
142473323
106665867
78772987
9297467
183142765
120535615
132634262
256697646
263629190
70032539
95366316
227089492
51039266
186468106
254997580
225441902
45346979
60319038
134574504
63406333
29663152
171477985
214591264
27922098
59295076
118520310
197894747
256267787
125668966
25157657
254386344
53929895
181727174
259141138
89138232
251506798
11652763
17520197
112418249
130360997
90724180
243531940
135936698
65256500
251739851
171729447
138676399
143319060
177704563
70114267
185747643
863594
158602991
17490253
228677892
125591463
87784605
225139379
184828845
221591749
133990233
88094594
145096208
137039653
19989059
42128807
126069354
115689961
95084091
15801964
47018986
216057
119883295
83224037
230976555
224811277
110528350
19125836
190748475
67968071
100682707
89427234
55669617
114866756
63972186
144888624
174672973
200325403
112646099
75258800
240244106
177635941
184581213
21269343
217080047
248041749
3719887
214971961
254094540
157643251
71873012
155490041
55848326
240640899
180172672
102203478
136550587
41141666
232107733
127785828
25412500
137931880
126371398
187913396
218116524
230342720
2643126
45882392
110485270
85971837
114795615
52964619
267676437
61217071
231327477
88669829
90447453
253793237
190731115
52612848
215606100
245120910
162736933
41374818
211843663
190321820
181028529
68153299
24868651
224580624
150232832
77815218
184870887
47661821
17862202
237341666
265760138
78100718
32120706
117965656
121864660
264449224
222781572
138117653
74065559
56511199
264161742
53526683
180625220
14115290
125646046
114606470
134897290
96339819
139598971
74358034
145366646
206356215
154710637
44668748
118807226
13189035
149229340
198134041
243925773
25361068
202278561
34190422
54766427
84475283
267429252
264352473
208047019
183317696
56340785
57032723
266330015
228576893
157512108
267366260
99530471
129438761
11322029
37350120
119958317
163695696
67085522
52946395
255562777
25747029
40514332
111978470
154386130
248211678
49236370
170600732
478058
149649674
209858908
162977838
94827137
231440576
36717359
122265050
121285727
23990143
149930319
198245894
205368544
86292667
42388272
207074730
33909741
182792053
109648124
69545311
67848320
138599123
222359727
78168330
69715497
171208782
246603740
199599878
104998062
14019092
200093733
29173399
28477435
187679728
15505810
98540918
82571902
199814121
50036304
69912954
198907042
173712699
93555114
251160929
73149230
29104515
234444621
40392161
58678776
67972257
61650668
250976305
70188385
226197284
79027596
68152520
99611301
252326232
30505855
99924809
24387304
250554995
15435656
163626695
103963038
181676512
77834117
170723331
207778709
120049517
34186242
222525602
214941642
188575320
151606379
156682830
266444860
236104835
129912496
144845858
48059734
221151711
215035213
183937292
105370827
151507232
119019840
133021522
219119794
124100803
95899152
202580760
93338558
222539625
265549002
120510701
201534132
118145049
92605542
253594798
35102083
104066336
33529303
30859343
61754504
12570089
24969688
129568467
192110047
4115285
173294426
174201957
176736423
213272030
216831090
103938981
165447644
45546930
212917553
59545761
21322647
239526569
84778904
126877932
131581384
240199643
252814456
199803924
67230100
152179113
262504575
124493436
139704650
55843753
253649901
162562088
173338905
139957993
252128705
57486960
192416606
185237325
63378208
234366294
146383637
203101532
128494097
95266603
75495237
214025075
38633309
32159392
6152543
39219023
161440430
119137724
245478645
98036166
202074965
46479782
58503828
41317059
4198052
263620712
203292165
195451153
168604365
129394995
40843115
50263966
62876063
33573305
264239395
105947320
126522923
77910057
9208034
127337898
242928673
235260086
104191940
104220534
200830656
77746626
218271591
121199344
192047478
169044339
59566916
243519613
116035336
107761806
101441873
31163313
164704461
18520419
70765215
150191433
189107281
179799194
160963880
13160893
188633170
48995758
714929
150271990
267795396
90789677
220237035
87491886
201282323
258052821
221467388
84531086
125020677
263357539
116448031
32653913
13147886
68012266
129407232
11202745
18725032
181287905
131359455
174717308
254634594
94672769
86214056
239978610
165341082
254403420
182497332
46335785
124139216
153802553
104329147
217013502
31373710
41357474
158079201
47063615
209063016
68254265
72437578
199867455
82888335
67971802
16912135
245943650
50697982
201742061
95539821
163396399
25379418
140205273
214560573
32278480
230937826
159993824
134666164
145645456
189001803
87380222
253899508
69692899
261720536
159382727
90143205
255299051
251386591
178225276
239590438
174748462
30458789
38201185
87900481
62669985
157971739
112214963
52042467
229258338
186632100
243985195
240164103
157554767
250366756
26553494
21338711
89445995
19465771
81668034
153603333
174054792
106363064
172867978
37203162
238206645
252801700
91522483
88292217
237137055
265311446
79589987
261533538
79699498
242863508
63277942
205281104
34457365
186894488
140724779
105689134
111382876
58863473
167882419
105509283
179340879
216614954
235391178
206860554
188296487
154168735
221645202
221142467
13466745
157340301
50951968
91487121
150700418
261129905
135525710
103261771
98671048
195703007
42717496
252383775
267256325
95633511
25464785
240338547
163201705
118050064
57647306
196625716
138926616
22492764
238811520
206195259
122086749
213243363
167442569
220063754
7721949
49127021
37862523
119634251
94695448
114441259
239397637
179189450
251986839
56981793
211827379
130019972
150329308
72781183
227234697
18448489
202094941
9874803
44184073
253659104
174312563
241470614
251174507
91481264
15478163
128789385
146948643
241381388
12143038
127985203
179173562
126324558
42305151
184033171
131851456
62463073
132739159
198148159
143448183
167688273
105919362
178225021
9529522
241892786
130298578
239237856
24086577
36612831
133304239
171292076
191667236
38494746
180896288
99597711
37578516
46693656
150776764
179112782
236453445
66698226
41545799
165375727
82686724
134965267
35900180
120757969
175650852
172832778
90910422
29585911
91901236
195462183
141806514
180502045
191150953
170092423
260687322
48664286
87236282
159124865
188040049
181342457
58914898
268401546
197150255
193844957
201416382
82860311
63384494
95949305
227722459
221646665
255529217
21719632
151554979
79679697
41535691
167730843
196725997
223574661
207862390
65557457
68240794
1007712
203780855
162161151
109586431
119155436
186074259
133364679
65659167
36891155
237148626
139453536
142460752
136858595
224468452
47642075
252817529
263443549
221469852
140630119
206827429
121818572
144324234
116577830
158973146
42062259
209273253
256366933
21607577
239409434
9513990
115775224
61602406
11710781
48505873
5298069
230993008
169573212
144248896
72045635
219664461
163008949
257551120
244568159
265737864
191449564
19079455
20951470
9908110
165140238
179025494
77870400
231295053
101284330
147312396
163939319
48564559
172085841
96073155
83806494
35491718
250933956
145277223
222273466
49499974
158406108
42580025
173421944
56178696
235202108
170703397
207664358
251903702
219087990
221254771
10253010
210359324
217655768
184778251
232661668
231808101
41019607
179017093
147681014
41065035
91132868
254677581
74680858
252006528
109234249
197133426
249658940
21806182
88846888
58528998
209119740
61891423
88254314
114035895
2722744
182961872
219098784
70350314
130732536
124618592
58786924
177163702
101775718
202665392
74677514
200686299
203782831
242133493
180907904
175524642
69498251
99837568
22621957
185291610
109830569
255586448
260269704
56057352
162635399
156018065
43647794
21589871
42602390
99725854
215331490
169244571
49303950
52551197
232598261
15532680
34575209
152945381
108115080
239353332
13570599
116197769
34151913
22391786
263489174
234313901
119129907
56681652
50974120
140780767
42721799
38636190
38282969
128949475
68144251
86677836
96837980
176600960
71312669
178081309
139510529
150506888
197551767
26150515
176166979
490609
60893639
202712980
253692111
178015009
22759984
208750827
223048
267378527
198721867
196650630
15302676
221539931
37553397
178882738
143388059
38608591
46726728
204874217
150732542
112348246
46307291
165623320
112766029
97124182
185278581
78196669
91418649
49612091
176275593
208946538
78861227
258759877
99472316
28649363
213045147
124448687
117058069
82142486
217927773
158911261
67959916
253156016
204986481
44522493
74722203
108365018
119428147
245609097
228919751
201016787
4014297
182173352
182600210
89924899
226830181
186987265
242125133
190329859
110867282
259885736
85612664
48583162
662221
4778828
97568730
67482464
63474598
222199834
146243248
197488958
9141500
252527950
44437120
539184
256857096
169712896
190608810
124500101
164643536
86190336
66349840
20980971
262004898
20723560
126942258
128522756
167493628
147942185
205910451
67199758
7187060
245907528
10963570
69679384
45889702
204598754
180355495
34850004
223080616
230150928
190339029
242037831
170342616
28525452
154988472
251065485
49098728
144513112
154059513
33156742
190217555
110356009
237079491
118151762
12706223
139131011
95476472
95195716
82648353
145381272
4645964
258279406
188375767
152216961
222308005
84631742
190147419
65720049
196888296
13572819
88470388
236890311
92044160
129718517
132204889
225346870
35138751
226678020
63589674
127082456
30079609
179351045
220904761
234645644
124781076
108438126
48983179
1131414
161472723
121294620
131044533
201397525
56571008
120115894
41898472
88402720
145507046
203238121
150917500
223852768
267996001
83016596
189950509
95127309
16727494
152613785
16051680
105358720
7225748
264357130
14465901
147742293
162562872
22198890
158701021
85558434
237364436
178115601
91578533
212361808
91786703
5166081
157287980
52649165
234125308
246442295
4648629
31243528
153632268
53545356
230933462
151855204
98242007
73406161
240625112
190332007
149806384
8330139
265255407
26151068
184387733
128573390
162397383
50586225
228208277
97670917
116226724
76152144
248654754
221362467
2285199
267445085
77504119
110822783
23675971
7876639
45985904
194034855
118345207
217622625
233730845
79190753
191466114
151814072
135901900
8191624
116397682
17952877
120016725
59016348
236830959
160920393
145372699
71333296
233466887
67087708
92579385
251049726
23438606
239419294
256763579
28575559
147179795
167833417
143807331
131378588
107970765
130942634
162582070
110676214
51891106
141481999
265541534
181137911
188383499
77252557
229919043
183703247
187481297
132321078
70582326
75448644
239734324
41386141
1874999
57617313
157606302
210056096
55133024
219769810
219382064
82406848
234022011
110671071
172948733
48661555
66371401
29342707
222498775
49734240
166387641
209547957
146678317
136696416
267692321
240147731
30136088
213468631
36181883
228464003
79175375
22817288
193101008
257462743
195273525
23970267
108594411
153682778
32259003
40279496
183427297
52939861
3750445
177032437
42285423
253440629
89348631
10888606
225568052
109636822
208022444
148915202
114578429
222816955
90102451
59652859
59174680
246224094
204695855
46151178
220780753
209188004
178450462
8245653
83573251
196375043
139493296
240966744
150013038
189319540
3697134
10175012
53702874
18470210
75148462
102799088
44942356
200532820
156244216
190707959
70960536
168719828
162101780
258914129
36736420
17381349
240830459
224647583
249278653
17066104
36001656
264226287
197025013
153870253
123590634
57792528
185454624
80390204
150209530
79208921
25286486
254279639
219539882
265967042
79929978
2179627
212119762
45742929
162772161
224999707
25152274
148098820
33410374
263259887
60159468
207578167
236599718
63884721
89910399
106463484
197147857
165224434
227230912
168859458
147690453
199565743
138682532
66422339
19340544
62941952
224725801
11130845
42451199
50181509
105112564
143981905
155330452
236343550
149751026
147247228
96067410
15295855
151226722
229915886
49509812
197734907
1135074
265243742
243541823
83907795
164196478
9055389
248565109
124788364
170979446
6652757
196072382
91929602
220062584
170794066
139497452
48476745
196215369
242961560
69695633
200375872
179163987
266333232
34215692
240682912
149431568
23004798
36869793
140045717
185058544
252819932
96358535
113688310
146538496
260654677
190310607
195235971
151115026
183128384
4171386
162073263
245253400
233567202
134340639
192083911
162381759
223250278
173594788
238565351
26942207
213332116
228652865
207905225
247484804
2820092
160386006
247514813
217826342
215686954
172157636
266864775
235740665
176514685
164907521
43124580
105790063
211023547
52473788
212121131
213053339
198307113
203437333
37218594
197609747
263164290
136232524
16114936
82342381
84550593
36629316
36092459
79591623
180570489
37308703
228858586
28869621
73871601
49194914
17729130
163935321
119394119
132605448
124245548
199180971
113443769
52200105
140243435
3765891
67755052
128310299
99937563
32722620